33|45495
242|35275
393|67215
499|63659
555|49154
562|2178
563|32170
604|78151
689|76774
774|7744
792|48460
924|44598
1035|36670
1181|2002
1189|7989
1265|67569
1272|58568
1300|64508
1351|56336
1378|10241
1393|16141
1472|4343
1525|26602
1575|70685
1603|11217
1657|18387
1728|13066
1827|74914
1876|30131
1902|22476
1930|63304
1968|43801
2015|23586
2045|77379
2128|2517
2193|11441
2212|18750
2276|58938
2278|10379
2356|31533
2459|38773
2620|16757
2621|40751
2659|68173
2666|42823
2710|3946
2817|79789
2922|65595
2997|20413
3000|65024
3065|63504
3118|569
3293|50699
3299|10140
3346|42807
3353|35968
3421|27483
3426|61038
3465|18616
3658|20262
3753|53841
3877|12067
3965|38389
4143|37671
4374|67357
4391|21027
4456|64396
4525|26128
4610|54398
4644|545
4652|52953
4826|27622
4834|41280
4891|32145
4923|7945
4943|9172
5048|22793
5143|71136
5149|61968
5251|42756
5252|72728
5602|45024
5606|9375
5668|52991
5739|36617
5803|31612
5810|49760
5826|4789
5911|50137
5914|41101
6038|38483
6128|55651
6168|22451
6289|1462
6315|40455
6436|40293
6468|27533
6507|39061
6595|41789
6678|54418
6697|29791
6703|39208
6725|3948
6768|48850
6825|19380
7063|28016
7100|58656
7154|76770
7186|29870
7234|274
7257|79399
7360|76713
7566|29784
7594|32808
7643|30629
7652|48529
7655|48954
7659|34994
7664|27167
7684|22426
7767|73968
7772|32495
7779|126
7869|67070
7873|75137
7888|17435
7926|35129
7957|21437
8133|79579
8194|3043
8226|16324
8299|65100
8319|38997
8332|11572
8342|80896
8344|25983
8402|14688
8431|50866
8444|15060
8485|2214
8527|34444
8535|50635
8564|2119
8579|43411
8621|23231
8676|74715
8798|77271
8823|40289
8853|11619
8926|74615
8950|20116
8959|40411
9017|47648
9072|58404
9143|74786
9163|12884
9241|59773
9344|45126
9360|22734
9386|33043
9447|54112
9571|67458
9686|28171
9712|49511
9756|62575
9816|23863
9829|69021
9874|71297
9891|60240
9907|23200
9932|28738
9988|59851
10023|79708
10053|15707
10058|5308
10101|73821
10232|24006
10247|46361
10289|32776
10370|18477
10442|53533
10472|14946
10520|62789
10522|68803
10595|16662
10599|11950
10708|48038
10743|37193
10755|40931
10823|79242
10846|41610
10949|32795
11049|19838
11073|14896
11082|44099
11332|36744
11346|31710
11375|44889
11383|30747
11420|27407
11437|25373
11454|72632
11458|35548
11458|43628
11459|32937
11619|47065
11629|60184
11653|81221
11696|35133
11724|75269
11728|26710
11735|12312
11760|57925
11851|68050
11864|58293
11945|18774
11957|54105
11983|79576
11996|58882
12000|14656
12060|39322
12261|71904
12305|23117
12332|2248
12359|43022
12372|35736
12372|68996
12382|4501
12388|62994
12401|32082
12523|58352
12547|25796
12740|62348
12767|22142
12786|10677
12815|79435
12907|57704
13022|75195
13072|53008
13130|55543
13139|76287
13140|71332
13171|66906
13198|69368
13224|64700
13272|6777
13288|65424
13295|5526
13331|56048
13375|64911
13430|4842
13626|40837
13631|22283
13636|30600
13664|18822
13690|22166
13797|8824
13797|64639
13850|74077
13865|57416
13908|51804
14024|58642
14035|39427
14066|47783
14164|18158
14198|61126
14228|49822
14243|18542
14377|27036
14386|54998
14502|58625
14509|29225
14526|80194
14635|41592
14674|38298
14731|50659
14921|64684
14936|58240
14964|42312
14986|21302
14996|15047
14998|25286
15021|26645
15035|52588
15071|64194
15079|636
15108|58249
15187|70434
15265|44620
15329|59246
15334|32636
15350|31916
15359|73801
15396|17170
15400|2301
15474|52497
15488|15297
15520|54621
15525|79162
15561|12038
15620|63979
15627|39917
15762|39610
15779|69786
15785|59698
15889|68834
15907|19877
16020|7287
16136|991
16159|60995
16163|73917
16208|3346
16232|7171
16373|47682
16427|68807
16459|24461
16577|69523
16665|61645
16702|61391
16709|9449
16716|24974
16749|55081
16864|37159
16879|18251
16912|61253
17000|81139
17002|52348
17120|68921
17138|76548
17158|55284
17196|3981
17236|13329
17277|50150
17362|8740
17388|16869
17397|73270
17413|33235
17490|74907
17498|54132
17580|48073
17672|71383
17730|18995
17732|41255
17827|40792
17910|25835
17966|50099
17986|8406
17993|76302
18009|45924
18072|67293
18094|68090
18154|61066
18204|44492
18226|30932
18278|30153
18368|35599
18416|19990
18442|67005
18453|10802
18465|46840
18526|37786
18626|26204
18637|80977
18660|26814
18693|27841
18793|27144
18853|29419
18908|25176
18911|4782
18957|58051
18986|64454
19088|53065
19219|49619
19294|35819
19311|5413
19313|28763
19364|45829
19462|80503
19520|685
19553|10976
19658|55853
19674|55591
19930|6279
19934|63392
19968|541
19977|67068
20006|52172
20033|60498
20066|68313
20152|49214
20223|18198
20270|46161
20377|71551
20407|10021
20408|13788
20499|28883
20501|1190
20527|7967
20631|81153
20728|68726
20766|63792
20811|49819
20857|19488
20925|63070
20966|56211
21010|74773
21062|41578
21083|70787
21113|71063
21190|52679
21247|29215
21438|29862
21438|64840
21532|42396
21703|68036
21772|65482
21773|78318
21813|49044
21852|1454
21929|78219
21935|36416
22074|45132
22109|40788
22197|31424
22261|25552
22277|51054
22325|50840
22379|10660
22389|10060
22459|26605
22530|15620
22618|19324
22631|46988
22645|68340
22669|30446
22727|45766
22748|11377
22767|30489
22802|51699
22843|1205
22883|74587
22981|49196
23057|9573
23125|25687
23128|49750
23202|77069
23304|67919
23336|32183
23368|64329
23447|59829
23468|36424
23493|72536
23559|51014
23575|24861
23659|13420
23684|12706
23705|65416
23730|57046
23907|9157
24017|65508
24052|44089
24137|28983
24229|8184
24255|37049
24270|37280
24333|20263
24347|27466
24390|78014
24421|3759
24425|30226
24435|60888
24445|55226
24516|4047
24556|68034
24608|15557
24623|2947
24623|57057
24682|26923
24949|25201
25007|12790
25070|30252
25097|52976
25116|54796
25191|32943
25248|49566
25304|41686
25305|34133
25421|45410
25434|53404
25444|35725
25456|77305
25553|60055
25567|62859
25584|80521
25673|17714
25682|49191
25716|59142
25761|79779
25766|71855
25807|31678
25852|61284
25867|41334
25897|70642
25999|46851
26018|78125
26053|40404
26131|9319
26147|17850
26235|49236
26296|32512
26318|7290
26366|77253
26387|44704
26453|63586
26639|53397
26688|12095
26698|8610
26764|71784
26785|26080
26886|63961
26918|842
26980|19598
26987|55589
27014|6025
27075|25694
27089|45262
27107|79793
27177|74530
27184|68971
27201|679
27256|68781
27285|46701
27393|27482
27429|80451
27486|46612
27516|25474
27576|63476
27721|22752
27776|28947
27787|51706
27801|28974
27865|12080
27929|17874
27936|14204
27961|74577
27976|24876
28053|32604
28257|2831
28278|33204
28304|65697
28404|31435
28411|46824
28429|59288
28536|16091
28581|22501
28631|6745
28772|64204
28774|48826
28934|70256
28962|61663
29012|45131
29029|66977
29046|52809
29139|45439
29166|70420
29168|56965
29212|8799
29285|18772
29387|23019
29416|78074
29529|72891
29575|4415
29599|3942
29646|31272
29675|57989
29677|39804
29755|44430
29813|53969
29869|40460
29913|49617
29929|46207
30002|8115
30046|20244
30051|66807
30143|55635
30313|44144
30435|33011
30456|60514
30479|22354
30498|71481
30521|2125
30560|80022
30582|49806
30603|10836
30615|7292
30622|73443
30733|80233
30752|14209
30775|16708
30790|56385
30808|22556
30894|80092
30897|68594
30924|13536
30947|58568
31071|4694
31077|71993
31154|27294
31190|9336
31245|45268
31334|41467
31342|50329
31349|49557
31442|63138
31451|27872
31490|59469
31512|26759
31525|42823
31531|60417
31584|19111
31696|64464
31700|67364
31705|43806
31754|7314
31844|55956
31869|76681
31915|62240
31971|67797
32063|28643
32127|73422
32220|46068
32344|44884
32345|56281
32366|19588
32402|76464
32438|18155
32438|59506
32502|29133
32549|51669
32595|41497
32698|77694
32741|26985
32791|79847
32815|26720
32841|70149
32861|65283
32982|64706
33002|59677
33006|48922
33015|31110
33102|7843
33105|50935
33130|54501
33141|63035
33226|78401
33230|10950
33335|7253
33365|21552
33457|77122
33519|57210
33565|5524
33581|47895
33589|46920
33611|20113
33638|5530
33774|13670
33872|65715
33902|68580
33926|71156
33958|13485
34053|47211
34071|62525
34076|2134
34130|15855
34137|12754
34166|57454
34167|5647
34224|39748
34254|80998
34280|605
34305|66082
34323|67581
34327|8661
34335|18510
34361|2145
34421|68943
34505|79121
34560|5931
34607|60178
34644|32569
34806|66140
35042|26880
35138|45563
35158|36382
35180|59273
35187|36843
35239|42644
35256|43231
35266|12296
35309|3478
35377|73476
35408|58582
35419|12310
35441|43587
35451|1735
35489|42255
35507|46498
35533|52994
35557|14448
35740|65731
35801|51628
35816|79124
35873|774
35884|9894
35901|26137
35906|72723
35997|54799
36056|67217
36099|8674
36226|47502
36254|4309
36260|60548
36345|34798
36350|54306
36359|73335
36476|23171
36487|46415
36543|29288
36581|30865
36709|9728
36725|7922
36740|35651
36769|67267
36823|66515
36848|4662
36883|9472
36892|7516
36935|54099
37008|52924
37070|78208
37106|38192
37124|36670
37202|54409
37220|1991
37300|67346
37321|65861
37428|54817
37500|33148
37531|51977
37563|20436
37739|63793
37777|42136
37812|16116
37974|3641
37995|80785
38044|21477
38078|54927
38125|13657
38141|70931
38160|67678
38260|5065
38277|71043
38404|8036
38542|59682
38546|29268
38634|38217
38678|18850
38684|21399
38704|26985
38842|67128
38925|27037
38951|7573
38958|81035
39184|2887
39218|76168
39230|50516
39300|67742
39405|40258
39497|41965
39529|37675
39570|23425
39684|12873
39687|11229
39819|73439
39821|2
39834|51867
40076|40383
40109|23355
40112|62317
40132|42775
40210|22676
40278|28690
40297|40954
40351|26710
40366|39742
40453|60516
40521|73590
40543|70231
40585|48582
40590|8466
40608|31832
40647|37939
40647|47814
40651|73902
40720|30141
40778|53570
40968|79483
40990|53693
41004|46257
41070|5723
41118|55113
41140|34403
41204|21344
41208|4951
41362|72316
41495|60327
41500|66680
41614|40463
41625|63465
41784|7739
41813|37578
41860|63558
41974|52246
42161|59495
42238|74325
42265|80564
42272|21405
42392|66930
42547|5617
42557|31172
42624|80571
42682|4371
42767|18420
42777|70775
42798|73295
42821|49261
42893|66202
42947|16970
43000|19911
43018|23600
43057|76099
43066|49731
43148|2381
43166|76291
43220|57706
43221|56176
43329|68433
43366|8683
43406|51982
43413|54064
43424|38842
43492|68190
43543|15312
43580|51222
43601|57226
43656|17154
43739|32406
43819|36612
43865|33469
43942|19314
44013|8052
44029|17599
44137|77213
44214|30290
44257|5695
44316|70431
44361|19748
44406|55579
44418|279
44503|57886
44723|43393
44731|44296
44764|78782
44830|65859
44863|47342
44865|9141
44896|9643
45015|23268
45075|8396
45098|72865
45121|14525
45169|57212
45317|59688
45349|59139
45476|62349
45544|80164
45630|12405
45636|65745
45687|19061
45687|45767
45695|77026
45701|11585
45750|18542
45881|80412
45946|31224
46000|34898
46002|69759
46060|40745
46081|20032
46083|70647
46099|72823
46141|69148
46144|21340
46277|77615
46288|32154
46356|42080
46402|16696
46442|40173
46498|63554
46574|67013
46636|31371
46690|51356
46698|21768
46806|69563
46841|66042
47009|42491
47086|68979
47114|18559
47152|46746
47281|36660
47302|11689
47401|43734
47498|33439
47516|78507
47536|44505
47574|31358
47627|63841
47680|62856
47688|9650
47711|63103
47743|77086
47812|38891
47858|48949
47910|46701
47910|64444
48001|45135
48279|29902
48293|21730
48299|24904
48371|55814
48378|64860
48440|30616
48490|33042
48603|10022
48630|3491
48695|29427
48767|24961
48859|40732
48889|41437
48905|29278
48925|76694
49086|17062
49098|23211
49104|13123
49231|20776
49411|51625
49422|20547
49457|35401
49609|63064
49620|38416
49706|6629
49709|28153
49716|45895
49750|22669
49830|73752
49844|72410
49879|34535
49979|16076
50069|35817
50082|59151
50108|2744
50202|12413
50210|15659
50231|1329
50244|77598
50275|53575
50430|15908
50589|50227
50616|80557
50676|16973
50680|32386
50791|1293
50807|59402
50879|13333
51026|2163
51087|42196
51125|17750
51238|10737
51477|10856
51521|1004
51587|11555
51674|25031
51699|71995
51716|18715
51734|16739
51772|45468
51773|71010
51828|64238
51838|4702
51851|61514
51929|66960
51962|39803
52078|37986
52093|58723
52182|4763
52205|56373
52361|71333
52514|80445
52564|69341
52584|67812
52599|64448
52607|11052
52614|64056
52640|39829
52663|41508
52692|45376
52767|33756
52788|56575
52811|75039
52817|76970
52818|32916
52874|73092
52953|17127
53047|30380
53117|24071
53166|15429
53278|49468
53285|20719
53327|38804
53356|48290
53415|39032
53421|77284
53425|41712
53428|77586
53440|41906
53445|44651
53485|27158
53489|21999
53510|38669
53542|12489
53573|65811
53602|48795
53659|56261
53700|19858
53731|63520
53892|67751
53893|66359
53991|30362
54069|8958
54101|68357
54162|19229
54168|14516
54203|46829
54203|69020
54284|71575
54290|41794
54300|69179
54302|52324
54310|63317
54405|690
54449|31533
54499|56796
54519|4839
54549|19704
54585|7242
54722|34646
54798|46299
54911|18367
54968|28498
55015|27035
55131|8143
55140|30166
55174|67166
55181|60633
55207|18113
55254|46680
55305|80285
55320|44862
55323|56750
55351|72518
55406|72444
55419|2624
55482|8407
55560|74239
55586|5592
55600|52281
55622|21324
55635|63025
55643|67912
55680|50730
55784|73230
55843|50276
55868|13838
55871|45417
55884|9125
55923|3331
55954|80980
56070|27376
56104|34098
56212|10603
56223|25143
56301|5238
56321|920
56506|76915
56622|31942
56650|40758
56659|48087
56794|44813
56795|29544
56837|78610
56843|69429
56929|13262
56977|64089
57150|18485
57181|25578
57203|361
57222|81138
57225|35088
57307|10332
57342|20746
57372|67864
57499|36703
57506|39393
57560|64222
57600|39580
57614|16815
57631|59249
57658|44205
57678|41830
57718|33737
57739|44364
57798|49730
57824|64246
57852|26857
58050|25839
58089|28062
58128|47291
58247|32815
58353|30096
58378|28164
58437|7130
58514|28624
58573|37668
58665|23591
58830|2193
58866|69082
58878|54488
58918|50558
58957|11868
59005|18245
59027|34923
59096|23095
59121|26961
59147|58880
59213|62212
59215|59367
59218|72375
59223|9881
59224|33435
59416|12379
59436|23970
59468|69603
59588|66158
59613|11757
59633|64445
59677|71586
59816|25531
59853|8086
59857|31500
59880|77491
59973|72493
59979|41413
60005|67312
60072|6031
60107|1444
60116|52633
60146|80396
60182|36231
60267|15508
60407|44371
60413|48024
60417|13805
60422|49434
60495|26518
60504|45575
60519|36043
60554|71395
60633|77689
60658|29948
60808|2888
60810|44652
60819|43765
60834|11768
60849|5709
60872|10212
60922|8286
60941|72209
60956|44178
60988|24986
61017|28483
61050|3166
61079|36136
61110|71452
61135|21963
61173|43218
61198|42170
61264|47899
61276|30343
61383|1784
61457|2490
61460|16187
61511|75015
61530|66462
61559|63185
61620|6229
61630|27255
61641|47795
61643|10266
61664|31841
61737|35231
61742|76150
61756|14542
61798|79028
61817|63016
61925|62118
62037|80706
62083|57686
62122|32188
62122|35642
62170|14534
62183|27412
62205|15521
62242|31915
62351|13532
62352|51933
62459|19455
62483|56154
62588|24791
62652|55128
62655|38074
62670|70346
62700|67530
62706|4913
62821|70957
62909|69702
62978|77460
63013|67051
63041|60879
63056|47934
63065|64603
63115|46398
63129|39769
63171|46193
63241|40573
63305|41045
63370|39099
63384|20820
63406|52809
63436|9248
63495|74391
63666|56880
63670|4207
63763|50688
63813|30845
63866|8426
63912|19075
63986|36881
64018|79293
64095|56675
64097|7213
64110|61087
64121|58949
64222|28832
64232|17937
64315|47661
64323|27929
64350|13882
64383|57017
64397|71001
64426|61888
64441|63089
64503|80719
64511|42291
64567|20934
64618|48373
64673|80314
64745|49160
64749|30080
64751|34807
64787|17493
64830|80912
64838|79306
64843|21138
64858|62878
64881|20317
64899|35485
64907|79830
64919|56786
64930|69062
64987|29326
64997|12459
65194|44527
65286|27211
65313|77512
65436|70474
65466|80528
65471|71219
65487|2167
65562|78771
65572|13199
65683|79006
65887|48267
65976|36427
66044|72328
66067|66498
66072|47702
66142|27535
66165|73792
66167|25565
66194|10239
66300|37519
66313|79654
66395|61469
66397|21957
66407|73096
66489|15422
66527|20946
66527|41380
66557|35506
66627|8525
66644|72722
66676|59000
66678|42921
66702|66655
66707|22658
66787|53075
66878|11129
66901|57200
67034|8552
67045|29664
67145|50813
67224|77002
67287|7624
67497|33083
67525|66307
67551|11297
67575|77594
67646|15922
67666|20966
67684|42084
67843|53686
67860|38621
67873|6599
67896|2529
67912|15172
67961|34428
68112|42868
68138|73932
68143|16273
68149|35515
68210|19316
68243|104
68324|35424
68476|17188
68498|50285
68593|47331
68603|32042
68721|47834
68741|3468
68750|19901
68779|24019
68965|68281
68966|31580
69058|33258
69079|61994
69141|78083
69277|75043
69286|12455
69296|60060
69310|903
69342|15901
69453|55324
69487|46966
69491|63496
69529|56836
69569|49018
69577|4973
69607|20082
69616|36431
69637|75875
69838|61539
69881|68962
69920|15962
69920|78462
69969|44234
70017|22168
70085|61085
70156|4887
70267|66331
70275|253
70355|48423
70379|71574
70399|43822
70407|50669
70449|13138
70505|72680
70523|13510
70524|24231
70570|31063
70632|68461
70636|53816
70683|35087
70697|40662
70720|42276
70959|74620
70965|38648
70985|31866
71061|64198
71131|30444
71201|77955
71261|61864
71270|24979
71275|20280
71338|14903
71431|46055
71525|60117
71541|48962
71727|70055
71757|33341
71810|34330
71837|75592
71942|41286
71948|58543
72109|57230
72147|56554
72218|25497
72237|30797
72259|40284
72361|18832
72538|37989
72577|60319
72589|56072
72590|50675
72590|61359
72608|71717
72661|28443
72702|72323
72709|8615
72787|10456
72862|18417
72890|9291
73003|7356
73021|14730
73041|78101
73049|59769
73076|3611
73105|19130
73117|41277
73125|33834
73130|56840
73189|36290
73194|17188
73258|12867
73284|4347
73329|47911
73373|14802
73458|25900
73547|4479
73618|78834
73632|76318
73674|49795
73699|58285
73728|32883
73745|78656
73818|16761
73822|48673
73951|78726
74075|8702
74112|79569
74165|39709
74185|3236
74192|34415
74225|13888
74230|23773
74241|47445
74267|7056
74299|36541
74336|52788
74361|42337
74367|60590
74389|27731
74408|51633
74459|8470
74621|1301
74774|52464
74794|46600
74815|1696
74909|62200
74927|52077
75195|24012
75307|48881
75431|40553
75434|42145
75458|37828
75476|54201
75479|50602
75488|32588
75488|72470
75660|41959
75709|13163
75737|33363
75772|20438
75785|34992
75806|80643
75929|45417
75967|74691
75969|3153
76038|48000
76068|46578
76101|35297
76125|42150
76230|76179
76274|69022
76291|12995
76291|44982
76360|75179
76422|70654
76490|8892
76558|26229
76592|4630
76728|26290
76787|3166
76788|54496
76791|75370
76798|49414
76805|39617
76814|42084
76955|75827
76974|32506
77033|28422
77042|60103
77047|58849
77169|54678
77227|46635
77230|35909
77310|46453
77329|11747
77354|12260
77488|10290
77552|6446
77561|4922
77591|28742
77721|35187
77750|240
77825|28357
77913|61833
77969|50066
77994|33242
78041|53958
78079|13502
78108|2136
78117|45769
78183|19063
78187|41545
78215|58962
78264|45006
78316|59151
78327|1675
78457|63632
78472|316
78482|29508
78549|52392
78555|28991
78576|43183
78578|23826
78680|27959
78825|54913
78897|69729
78935|63064
78969|34957
79091|72181
79140|36368
79299|29418
79354|68515
79476|38636
79502|79399
79513|73098
79559|79403
79565|21519
79589|27614
79598|64038
79641|16242
79673|15486
79716|57618
79729|60065
79787|41856
79896|21071
79964|37207
79991|12170
80084|9716
80109|7242
80132|1200
80135|46403
80194|56774
80218|70521
80220|19217
80299|58004
80447|37997
80515|35501
80523|15056
80607|64836
80688|22284
80803|26549
80930|12485
80948|6023
80956|49734
80986|77144
80997|44712
81033|33273
81073|33739
81153|71291
81154|47875
81198|75588
81227|33370
81249|6574
81292|34511
